		9000	9001	9002	9003	9004	9005	9006	9007	9008	9009	
    ---------------------------------------------------------------------------------
800 |	9800	9801	9802	9803	9804	9805	9806	9807	9808	9809	
801 |	9801	9802	9803	9804	9805	9806	9807	9808	9809	9810	
802 |	9802	9803	9804	9805	9806	9807	9808	9809	9810	9811	
803 |	9803	9804	9805	9806	9807	9808	9809	9810	9811	9812	
804 |	9804	9805	9806	9807	9808	9809	9810	9811	9812	9813	
805 |	9805	9806	9807	9808	9809	9810	9811	9812	9813	9814	
806 |	9806	9807	9808	9809	9810	9811	9812	9813	9814	9815	
807 |	9807	9808	9809	9810	9811	9812	9813	9814	9815	9816	
808 |	9808	9809	9810	9811	9812	9813	9814	9815	9816	9817	
809 |	9809	9810	9811	9812	9813	9814	9815	9816	9817	9818	